test1	gb|UVF06875.1|	100.00	356	0	0	1	356	1	356	0.0	  728
test1	gb|AAS91722.1|	25.34	371	234	17	1	341	1	358	1e-10	52.0
test1	gb|AAS91726.1|	25.34	371	234	17	1	341	1	358	1e-10	52.0
test1	gb|AAS91730.1|	25.34	371	234	17	1	341	1	358	1e-10	52.0
test1	gb|AAY18798.1|	24.63	134	89	3	223	345	213	345	9e-09	45.8
test1	gb|ABN73091.1|	29.32	133	89	4	216	344	239	370	1e-08	45.4
test1	gb|ABN73091.1|	35.71	28	18	0	110	137	20	47	0.016	26.6
test1	gb|ACN87975.1|	29.32	133	89	4	216	344	239	370	4e-08	43.9
test1	gb|ACN87975.1|	35.71	28	18	0	110	137	20	47	0.017	26.2
test1	gb|ACN87975.1|	26.67	90	52	5	92	168	36	124	5.4	18.5
test1	gb|AFH77918.1|	33.33	81	52	1	216	294	239	319	3e-07	41.2
test1	gb|AFH77918.1|	35.71	28	18	0	110	137	20	47	0.020	26.2
test1	gb|AAS91717.1|	26.24	141	92	4	214	343	225	364	4e-07	40.8
test1	gb|AAS91717.1|	35.00	40	22	1	40	79	145	180	0.24	22.7
test1	gb|AAS91721.1|	26.24	141	92	4	214	343	225	364	4e-07	40.8
test1	gb|AAS91721.1|	35.00	40	22	1	40	79	145	180	0.24	22.7
test1	gb|AAS91729.1|	26.24	141	91	5	214	343	226	364	2e-05	35.4
test1	gb|AAS91729.1|	23.76	101	46	3	52	121	154	254	0.13	23.5
test1	gb|AAS91725.1|	23.57	280	149	11	84	343	130	364	8e-05	33.9
test1	gb|AAS91725.1|	35.00	40	22	1	40	79	145	180	0.14	23.5
test1	gb|AEO78520.1|	31.48	54	32	1	62	110	38	91	0.12	23.5
test1	gb|ABY63605.1|	22.39	67	46	2	95	155	48	114	2.1	19.6
test1	gb|ABY63605.1|	31.91	47	21	2	143	178	190	236	2.7	19.2
test1	gb|ABY63605.1|	35.48	31	17	1	257	284	107	137	5.8	18.1
test1	gb|AAK61593.1|	21.43	210	98	8	193	339	143	348	2.5	19.6
test1	gb|UYG54863.1|	28.57	35	25	0	81	115	169	203	9.4	17.3
test2	gb|ABN73091.1|	100.00	149	0	0	1	149	91	239	1e-107	  307
test2	gb|ABN73091.1|	70.37	27	8	0	39	65	214	240	1e-08	42.7
test2	gb|AFH77918.1|	100.00	149	0	0	1	149	91	239	2e-107	  304
test2	gb|AFH77918.1|	70.37	27	8	0	39	65	214	240	1e-08	42.7
test2	gb|ACN87975.1|	97.99	149	3	0	1	149	91	239	2e-104	  298
test2	gb|ACN87975.1|	70.37	27	8	0	39	65	214	240	1e-08	42.7
